              precision    recall  f1-score   support

         0.0       0.89      0.99      0.94       479
         1.0       0.97      0.96      0.97       563
         2.0       0.78      0.96      0.86       488
         3.0       0.97      0.76      0.85       493
         4.0       0.87      0.96      0.91       535
         5.0       0.79      0.85      0.82       434
         6.0       0.90      0.96      0.93       501
         7.0       0.92      0.95      0.93       550
         8.0       1.00      0.63      0.78       462
         9.0       0.89      0.84      0.86       495

    accuracy                           0.89      5000
   macro avg       0.90      0.89      0.88      5000
weighted avg       0.90      0.89      0.89      5000
